22 22 22 22 22 22 22 22 22 22 22 22 22 22 22 22 22 22 22 22 22 22 22 22 22 22 22 22 22 22 22 22 22 22 22 22 22 22 22 22 
22 22 22 22 22 22 22 22 22 22 22 22 22 22 22 22 22 22 22 22 22 22 22 22 22 22 22 22 22 22 22 22 22 22 22 22 22 22 22 22 
22 22 22 22 22 22 22 22 22 22 22 22 22 22 22 22 22 22 22 22 22 22 22 22 22 22 22 22 22 22 22 22 22 22 22 22 22 22 22 22 
22 22 22 22 22 22 22 18 18 18 18 18 18 18 18 18 18 18 18 18 18 18 18 18 18 18 18 18 18 18 18 18 18 18 18 22 22 22 22 22
22 22 22 22 22 22 20 23 23 1 2 2 2 2 2 2 2 2 2 2 2 2 2 2 2 2 2 2 1 23 23 23 23 23 23 21 22 22 22 22
22 22 22 22 22 22 20 23 23 1 23 23 23 23 23 23 23 23 23 23 23 23 1 3 3 23 23 23 23 23 23 3 3 3 3 3 21 22 22 22 22
22 22 22 22 22 22 20 23 23 1 23 1 23 23 23 23 23 23 23 23 23 23 1 3 3 3 23 23 23 23 3 3 3 3 3 21 22 22 22 22
22 22 22 22 22 22 20 23 23 1 23 1 2 2 2 2 2 2 2 2 2 23 1 3 3 23 23 23 23 23 3 3 3 3 3 21 22 22 22 22
22 22 22 22 22 22 20 23 23 1 23 1 23 23 23 23 23 23 23 23 23 23 1 3 3 23 23 2 2 2 2 2 3 3 3 21 22 22 22 22
22 22 22 22 18 18 23 23 23 1 23 1 23 2 2 2 2 2 2 2 2 2 1 3 3 23 23 23 23 23 23 23 3 3 3 3 18 18 22 22
22 22 22 20 23 23 23 23 23 1 23 1 23 23 23 23 23 23 23 23 23 23 1 3 3 3 23 23 23 23 3 3 3 3 3 3 3 3 21 22
22 22 22 20 23 23 23 23 23 1 23 1 2 2 2 2 2 2 2 2 2 23 1 3 3 3 3 23 23 23 23 23 23 23 23 3 3 3 21 22
22 22 22 20 23 1 2 2 2 1 2 1 23 23 1 23 23 1 23 23 23 23 1 3 3 3 3 3 3 23 23 23 23 23 23 23 23 23 21 22
22 22 22 20 23 1 23 23 23 23 23 1 23 23 1 23 23 1 23 23 23 23 1 2 2 2 2 2 2 2 2 1 23 1 2 2 2 1 21 22
22 22 22 20 23 1 23 1 2 1 23 1 23 23 1 23 23 1 2 2 2 23 23 23 23 23 23 23 23 23 23 1 23 23 23 23 23 1 21 22
22 22 22 20 23 1 23 1 2 1 2 1 23 23 1 23 23 1 23 23 23 1 2 2 2 2 2 2 2 1 23 1 23 23 23 23 23 1 21 22
22 22 22 20 23 1 23 1 2 1 23 23 23 23 1 23 23 1 23 23 1 23 23 23 23 23 23 23 23 1 23 1 23 23 23 23 23 1 21 22
22 22 22 20 23 1 23 1 2 1 23 2 2 2 1 23 23 23 23 1 23 23 1 2 2 2 2 2 23 1 23 1 23 23 23 23 23 1 21 22
22 22 22 20 23 1 23 23 23 23 23 23 1 23 23 23 1 23 23 1 23 1 23 1 23 23 23 23 23 1 23 1 23 23 23 23 23 1 21 22
22 22 22 20 23 1 2 2 2 1 23 23 1 2 2 2 2 2 2 1 23 1 23 1 2 2 2 2 23 1 23 1 23 23 23 23 23 1 21 22
22 22 22 20 23 23 23 23 23 1 23 23 23 13 23 23 23 13 23 23 23 1 23 23 23 23 23 23 23 1 23 1 23 1 2 2 2 1 21 22
22 22 22 22 19 19 23 23 23 1 23 1 23 12 23 13 23 12 23 13 23 1 2 2 2 2 2 2 2 1 23 1 23 1 23 19 19 19 22 22
22 22 22 22 22 22 20 23 23 1 23 1 23 23 23 12 23 23 23 12 23 23 23 23 23 23 23 23 23 23 23 1 23 1 21 22 22 22 22 22
22 22 22 22 22 22 20 23 23 1 23 1 2 2 2 2 2 2 2 2 2 2 2 2 2 2 2 23 2 2 2 1 23 1 21 22 22 22 22 22
22 22 22 22 22 22 20 23 23 1 23 23 23 23 23 23 23 23 23 23 23 23 23 23 23 23 23 23 23 23 23 23 23 1 21 22 22 22 22 22
22 22 22 22 22 22 20 23 23 1 2 2 2 2 2 2 2 2 2 2 2 2 2 2 2 2 2 2 23 23 2 2 2 1 21 22 22 22 22 22
22 22 22 22 22 22 20 23 23 23 23 23 23 23 23 23 23 23 23 23 23 23 23 23 23 23 23 23 23 23 23 23 23 23 21 22 22 22 22 22
22 22 22 22 22 22 22 19 19 19 19 19 19 19 19 19 19 19 19 19 19 19 19 19 19 19 19 19 19 19 19 19 19 19 22 22 22 22 22 22
22 22 22 22 22 22 22 22 22 22 22 22 22 22 22 22 22 22 22 22 22 22 22 22 22 22 22 22 22 22 22 22 22 22 22 22 22 22 22 22 
22 22 22 22 22 22 22 22 22 22 22 22 22 22 22 22 22 22 22 22 22 22 22 22 22 22 22 22 22 22 22 22 22 22 22 22 22 22 22 22 
22 22 22 22 22 22 22 22 22 22 22 22 22 22 22 22 22 22 22 22 22 22 22 22 22 22 22 22 22 22 22 22 22 22 22 22 22 22 22 22 
22 22 22